-------Estrategia de distancia mínima-------
Paso 1
Unión de clusters (2, 4) (Distancia: 0.21)
Clusters actuales: [[0], [1], [2, 4], [3], [5], [6]]
Matriz de distancia actualizada
0.0 	2.15 	0.7 	1.07 	0.7 	1.16 	1.56 	
2.15 	0.0 	1.53 	1.14 	1.38 	1.01 	2.83 	
0.7 	1.53 	0.0 	0.43 	0.21 	0.55 	1.86 	
1.07 	1.14 	0.43 	0.0 	0.29 	0.22 	2.04 	
0.7 	1.38 	0.21 	0.29 	0.0 	0.41 	1.86 	
1.16 	1.01 	0.55 	0.22 	0.41 	0.0 	2.05 	
1.56 	2.83 	1.86 	2.04 	1.86 	2.05 	0.0 	

Paso 2
Unión de clusters (3, 4) (Distancia: 0.22)
Clusters actuales: [[0], [1], [2, 4], [3, 5], [6]]
Matriz de distancia actualizada
0.0 	2.15 	0.7 	1.07 	0.7 	1.07 	1.56 	
2.15 	0.0 	1.53 	1.14 	1.38 	1.01 	2.83 	
0.7 	1.53 	0.0 	0.43 	0.21 	0.43 	1.86 	
1.07 	1.14 	0.43 	0.0 	0.29 	0.22 	2.04 	
0.7 	1.38 	0.21 	0.29 	0.0 	0.29 	1.86 	
1.07 	1.01 	0.43 	0.22 	0.29 	0.0 	2.04 	
1.56 	2.83 	1.86 	2.04 	1.86 	2.04 	0.0 	

Paso 3
Unión de clusters (2, 3) (Distancia: 0.29)
Clusters actuales: [[0], [1], [2, 4, 3, 5], [6]]
Matriz de distancia actualizada
0.0 	2.15 	0.7 	0.7 	0.7 	0.7 	1.56 	
2.15 	0.0 	1.53 	1.14 	1.38 	1.01 	2.83 	
0.7 	1.53 	0.0 	0.43 	0.21 	0.43 	1.86 	
1.07 	1.14 	0.43 	0.0 	0.29 	0.22 	2.04 	
0.7 	1.38 	0.21 	0.21 	0.0 	0.21 	1.86 	
0.7 	1.01 	0.43 	0.22 	0.21 	0.0 	1.86 	
1.56 	2.83 	1.86 	1.86 	1.86 	1.86 	0.0 	

Paso 4
Unión de clusters (0, 2) (Distancia: 0.7)
Clusters actuales: [[0, 2, 4, 3, 5], [1], [6]]
Matriz de distancia actualizada
0.0 	2.15 	0.7 	0.7 	0.7 	0.7 	1.56 	
2.15 	0.0 	1.53 	1.14 	1.38 	1.01 	2.83 	
0.7 	1.53 	0.0 	0.43 	0.21 	0.43 	1.86 	
1.07 	1.14 	0.43 	0.0 	0.29 	0.22 	2.04 	
0.7 	1.38 	0.21 	0.21 	0.0 	0.21 	1.86 	
0.7 	1.01 	0.43 	0.22 	0.21 	0.0 	1.56 	
1.56 	2.83 	1.56 	1.56 	1.56 	1.56 	0.0 	

Paso 5
Unión de clusters (0, 1) (Distancia: 1.01)
Clusters actuales: [[0, 2, 4, 3, 5, 1], [6]]
Matriz de distancia actualizada
0.0 	2.15 	0.7 	0.7 	0.7 	0.7 	1.56 	
2.15 	0.0 	0.7 	1.07 	0.7 	0.7 	1.56 	
0.7 	0.7 	0.0 	0.43 	0.21 	0.43 	1.86 	
1.07 	1.07 	0.43 	0.0 	0.29 	0.22 	2.04 	
0.7 	0.7 	0.21 	0.21 	0.0 	0.21 	1.86 	
0.7 	0.7 	0.43 	0.22 	0.21 	0.0 	1.56 	
1.56 	1.56 	1.56 	1.56 	1.56 	1.56 	0.0 	

Paso 6
Unión de clusters (0, 1) (Distancia: 1.56)
Clusters actuales: [[0, 2, 4, 3, 5, 1, 6]]
Matriz de distancia actualizada
0.0 	2.15 	0.7 	0.7 	0.7 	0.7 	1.56 	
2.15 	0.0 	0.7 	1.07 	0.7 	0.7 	1.56 	
0.7 	0.7 	0.0 	0.43 	0.21 	0.43 	0.7 	
1.07 	1.07 	0.43 	0.0 	0.29 	0.22 	1.07 	
0.7 	0.7 	0.21 	0.21 	0.0 	0.21 	0.7 	
0.7 	0.7 	0.43 	0.22 	0.21 	0.0 	0.7 	
1.56 	1.56 	0.7 	1.07 	0.7 	0.7 	0.0 	


-------Estrategia de similitud máxima-------
Paso 1
Unión de clusters (2, 4) (Distancia: 0.21)
Clusters actuales: [[0], [1], [2, 4], [3], [5], [6]]
Matriz de distancia actualizada
0.0 	2.15 	0.7 	1.07 	0.85 	1.16 	1.56 	
2.15 	0.0 	1.53 	1.14 	1.53 	1.01 	2.83 	
0.7 	1.53 	0.0 	0.43 	0.21 	0.55 	1.86 	
1.07 	1.14 	0.43 	0.0 	0.43 	0.22 	2.04 	
0.85 	1.53 	0.21 	0.43 	0.21 	0.55 	2.02 	
1.16 	1.01 	0.55 	0.22 	0.55 	0.0 	2.05 	
1.56 	2.83 	1.86 	2.04 	2.02 	2.05 	0.0 	

Paso 2
Unión de clusters (3, 4) (Distancia: 0.22)
Clusters actuales: [[0], [1], [2, 4], [3, 5], [6]]
Matriz de distancia actualizada
0.0 	2.15 	0.7 	1.07 	0.85 	1.16 	1.56 	
2.15 	0.0 	1.53 	1.14 	1.53 	1.14 	2.83 	
0.7 	1.53 	0.0 	0.43 	0.21 	0.55 	1.86 	
1.07 	1.14 	0.43 	0.0 	0.43 	0.22 	2.04 	
0.85 	1.53 	0.21 	0.43 	0.21 	0.55 	2.02 	
1.16 	1.14 	0.55 	0.22 	0.55 	0.22 	2.05 	
1.56 	2.83 	1.86 	2.04 	2.02 	2.05 	0.0 	

Paso 3
Unión de clusters (2, 3) (Distancia: 0.43)
Clusters actuales: [[0], [1], [2, 4, 3, 5], [6]]
Matriz de distancia actualizada
0.0 	2.15 	0.7 	1.07 	0.85 	1.16 	1.56 	
2.15 	0.0 	1.53 	1.53 	1.53 	1.53 	2.83 	
0.7 	1.53 	0.0 	0.43 	0.21 	0.55 	1.86 	
1.07 	1.14 	0.43 	0.43 	0.43 	0.43 	2.04 	
0.85 	1.53 	0.21 	0.43 	0.21 	0.55 	2.02 	
1.16 	1.53 	0.55 	0.55 	0.55 	0.55 	2.05 	
1.56 	2.83 	1.86 	2.04 	2.02 	2.05 	0.0 	

Paso 4
Unión de clusters (0, 2) (Distancia: 0.7)
Clusters actuales: [[0, 2, 4, 3, 5], [1], [6]]
Matriz de distancia actualizada
0.0 	2.15 	0.7 	1.07 	0.85 	1.16 	1.56 	
2.15 	0.0 	2.15 	2.15 	2.15 	2.15 	2.83 	
0.7 	1.53 	0.7 	0.7 	0.7 	0.7 	1.86 	
1.07 	1.14 	1.07 	1.07 	1.07 	1.07 	2.04 	
0.85 	1.53 	0.85 	0.85 	0.85 	0.85 	2.02 	
1.16 	2.15 	1.16 	1.16 	1.16 	1.16 	2.05 	
1.56 	2.83 	1.86 	2.04 	2.02 	2.05 	0.0 	

Paso 5
Unión de clusters (0, 1) (Distancia: 1.14)
Clusters actuales: [[0, 2, 4, 3, 5, 1], [6]]
Matriz de distancia actualizada
0.0 	2.15 	0.7 	1.07 	0.85 	1.16 	1.56 	
2.15 	2.15 	1.53 	1.14 	1.53 	2.15 	2.83 	
0.7 	1.53 	0.7 	0.7 	0.7 	0.7 	1.86 	
1.07 	1.14 	1.07 	1.07 	1.07 	1.07 	2.04 	
0.85 	1.53 	0.85 	0.85 	0.85 	0.85 	2.02 	
1.16 	2.15 	1.16 	1.16 	1.16 	1.16 	2.05 	
1.56 	2.83 	1.86 	2.04 	2.02 	2.05 	0.0 	

Paso 6
Unión de clusters (0, 1) (Distancia: 1.56)
Clusters actuales: [[0, 2, 4, 3, 5, 1, 6]]
Matriz de distancia actualizada
0.0 	2.15 	0.7 	1.07 	0.85 	1.16 	1.56 	
2.15 	2.15 	2.15 	2.15 	2.15 	2.15 	2.83 	
0.7 	1.53 	0.7 	0.7 	0.7 	0.7 	1.86 	
1.07 	1.14 	1.07 	1.07 	1.07 	1.07 	2.04 	
0.85 	1.53 	0.85 	0.85 	0.85 	0.85 	2.02 	
1.16 	2.15 	1.16 	1.16 	1.16 	1.16 	2.05 	
1.56 	2.83 	1.86 	2.04 	2.02 	2.05 	1.56 	


-------Estrategia de distancia media-------
Paso 1
Unión de clusters (2, 4) (Distancia: 0.21)
Clusters actuales: [[0], [1], [2, 4], [3], [5], [6]]
Matriz de distancia actualizada
0.0 	2.15 	0.77 	1.07 	0.77 	1.16 	1.56 	
2.15 	0.0 	1.46 	1.14 	1.46 	1.01 	2.83 	
0.7 	1.53 	0.0 	0.43 	0.21 	0.55 	1.86 	
1.07 	1.14 	0.36 	0.0 	0.36 	0.22 	2.04 	
0.77 	1.46 	0.1 	0.36 	0.1 	0.48 	1.94 	
1.16 	1.01 	0.48 	0.22 	0.48 	0.0 	2.05 	
1.56 	2.83 	1.94 	2.04 	1.94 	2.05 	0.0 	

Paso 2
Unión de clusters (3, 4) (Distancia: 0.22)
Clusters actuales: [[0], [1], [2, 4], [3, 5], [6]]
Matriz de distancia actualizada
0.0 	2.15 	0.77 	1.12 	0.77 	1.12 	1.56 	
2.15 	0.0 	1.46 	1.08 	1.46 	1.08 	2.83 	
0.7 	1.53 	0.0 	0.49 	0.21 	0.49 	1.86 	
1.07 	1.14 	0.36 	0.0 	0.36 	0.22 	2.04 	
0.77 	1.46 	0.1 	0.42 	0.1 	0.42 	1.94 	
1.12 	1.08 	0.49 	0.11 	0.42 	0.11 	2.04 	
1.56 	2.83 	1.94 	2.04 	1.94 	2.04 	0.0 	

Paso 3
Unión de clusters (2, 3) (Distancia: 0.42)
Clusters actuales: [[0], [1], [2, 4, 3, 5], [6]]
Matriz de distancia actualizada
0.0 	2.15 	0.94 	0.94 	0.94 	0.94 	1.56 	
2.15 	0.0 	1.27 	1.27 	1.27 	1.27 	2.83 	
0.7 	1.53 	0.0 	0.49 	0.21 	0.49 	1.86 	
1.07 	1.14 	0.24 	0.24 	0.24 	0.24 	2.04 	
0.77 	1.46 	0.26 	0.26 	0.26 	0.26 	1.94 	
0.94 	1.27 	0.27 	0.27 	0.27 	0.27 	1.99 	
1.56 	2.83 	1.99 	1.99 	1.99 	1.99 	0.0 	

Paso 4
Unión de clusters (0, 2) (Distancia: 0.9450000000000001)
Clusters actuales: [[0, 2, 4, 3, 5], [1], [6]]
Matriz de distancia actualizada
0.0 	2.15 	0.94 	0.94 	0.94 	0.94 	1.56 	
1.44 	0.0 	1.44 	1.44 	1.44 	1.44 	2.83 	
0.38 	1.53 	0.38 	0.38 	0.38 	0.38 	1.86 	
0.4 	1.14 	0.4 	0.4 	0.4 	0.4 	2.04 	
0.36 	1.46 	0.36 	0.36 	0.36 	0.36 	1.94 	
0.47 	1.44 	0.47 	0.47 	0.47 	0.47 	1.91 	
1.91 	2.83 	1.91 	1.91 	1.91 	1.91 	0.0 	

Paso 5
Unión de clusters (0, 1) (Distancia: 1.14)
Clusters actuales: [[0, 2, 4, 3, 5, 1], [6]]
Matriz de distancia actualizada
0.0 	2.15 	0.94 	0.94 	0.94 	0.94 	1.56 	
1.2 	1.2 	0.57 	0.52 	0.55 	0.63 	2.06 	
0.57 	0.57 	0.57 	0.57 	0.57 	0.57 	1.86 	
0.52 	0.52 	0.52 	0.52 	0.52 	0.52 	2.04 	
0.55 	0.55 	0.55 	0.55 	0.55 	0.55 	1.94 	
0.63 	0.63 	0.63 	0.63 	0.63 	0.63 	1.91 	
2.06 	2.06 	2.06 	2.06 	2.06 	2.06 	0.0 	

Paso 6
Unión de clusters (0, 1) (Distancia: 1.56)
Clusters actuales: [[0, 2, 4, 3, 5, 1, 6]]
Matriz de distancia actualizada
0.0 	2.15 	0.94 	0.94 	0.94 	0.94 	1.56 	
0.96 	0.96 	0.96 	0.96 	0.96 	0.96 	0.96 	
0.75 	0.75 	0.75 	0.75 	0.75 	0.75 	0.75 	
0.74 	0.74 	0.74 	0.74 	0.74 	0.74 	0.74 	
0.75 	0.75 	0.75 	0.75 	0.75 	0.75 	0.75 	
0.82 	0.82 	0.82 	0.82 	0.82 	0.82 	0.82 	
0.87 	0.87 	0.87 	0.87 	0.87 	0.87 	0.87 	

